{
    "r2score": 0.6837448004205302,
    "mae": 12.681565623213368,
    "mse": 282.2546009782988,
    "mape": 0.08268986063059651
}